4 0.332227 0.456250 0.099609 0.134722
0 0.339648 0.350347 0.111328 0.064583
3 0.471484 0.331250 0.096875 0.075000
2 0.565820 0.318056 0.075391 0.095833
5 0.650781 0.303472 0.068750 0.056944
1 0.820312 0.646528 0.078125 0.126389
6 0.617188 0.650000 0.053906 0.098611
6 0.548828 0.490278 0.032813 0.087500
6 0.303711 0.141319 0.019922 0.029861
6 0.389844 0.150694 0.024219 0.036111
6 0.407422 0.214583 0.022656 0.052778
6 0.592187 0.218403 0.025781 0.032639
6 0.674609 0.260764 0.025781 0.049306
6 0.726562 0.270833 0.045312 0.029167
6 0.899609 0.444444 0.015625 0.055556
