2 0.443555 0.477778 0.081641 0.087500
5 0.539648 0.479514 0.059766 0.100694
4 0.516602 0.698611 0.095703 0.155556
1 0.697266 0.648611 0.102344 0.095833
0 0.418164 0.846528 0.157422 0.165278
3 0.856836 0.782639 0.067578 0.154167
6 0.619922 0.800694 0.052344 0.081944
6 0.315820 0.274653 0.026953 0.049306
6 0.412891 0.348958 0.025000 0.054861
6 0.684180 0.406250 0.022266 0.052778
6 0.733594 0.413889 0.045312 0.043056
6 0.830859 0.453472 0.042969 0.054167
6 0.903320 0.586806 0.023047 0.058333
6 0.592969 0.372222 0.026562 0.043056
