4 0.486328 0.778819 0.117969 0.118750
5 0.533594 0.265625 0.056250 0.064583
0 0.446289 0.488194 0.109766 0.070833
2 0.770703 0.801042 0.171094 0.182639
1 0.913086 0.742361 0.051172 0.086111
3 0.774414 0.462153 0.046484 0.047917
6 0.617383 0.796528 0.055859 0.086111
6 0.551758 0.639583 0.041016 0.109722
6 0.416406 0.354514 0.023438 0.047917
6 0.600000 0.364583 0.031250 0.030556
6 0.683594 0.413889 0.030469 0.061111
6 0.731641 0.419792 0.046094 0.034028
6 0.829102 0.456250 0.033203 0.038889
6 0.902930 0.585069 0.022266 0.059028
