2 0.455078 0.643403 0.132031 0.077083
1 0.341797 0.371181 0.075781 0.045139
5 0.696094 0.413889 0.078125 0.093056
0 0.836523 0.544097 0.087891 0.106250
4 0.712891 0.505556 0.071094 0.066667
3 0.667969 0.690278 0.217969 0.166667
6 0.551758 0.492361 0.032422 0.073611
6 0.307422 0.143750 0.024219 0.037500
6 0.411523 0.211458 0.024609 0.031250
6 0.673828 0.258333 0.022656 0.041667
6 0.727539 0.270139 0.044922 0.027778
6 0.590820 0.218056 0.025391 0.030556
6 0.898633 0.444097 0.020703 0.047917
6 0.575586 0.167014 0.019141 0.018750
