0 0.271094 0.508681 0.110937 0.090972
5 0.469727 0.464931 0.073047 0.059028
2 0.654102 0.482986 0.072266 0.102083
3 0.774414 0.460069 0.046484 0.054861
4 0.506055 0.260417 0.066016 0.079167
1 0.900391 0.736458 0.060937 0.107639
6 0.552344 0.643056 0.031250 0.079167
6 0.614844 0.801389 0.055469 0.098611
6 0.682813 0.404514 0.023438 0.049306
6 0.596484 0.365278 0.021094 0.038889
6 0.906055 0.585069 0.021484 0.056250
6 0.830078 0.457639 0.038281 0.041667
6 0.541797 0.386806 0.019531 0.034722
6 0.416992 0.352778 0.027734 0.038889
