1 0.354297 0.243056 0.065625 0.026389
4 0.423633 0.268056 0.066016 0.072222
2 0.443750 0.482292 0.092188 0.065972
0 0.273828 0.507639 0.108594 0.095833
3 0.552734 0.439931 0.085938 0.107639
6 0.555664 0.646528 0.031641 0.083333
5 0.612695 0.467708 0.044141 0.061806
6 0.619141 0.796875 0.046875 0.104861
6 0.680664 0.410764 0.015234 0.049306
6 0.732227 0.419792 0.041016 0.031250
6 0.826367 0.452778 0.036328 0.055556
6 0.903125 0.585764 0.023438 0.057639
6 0.601562 0.360764 0.032813 0.032639
6 0.583984 0.308681 0.028906 0.021528
