6 0.279492 0.477431 0.018359 0.025694
6 0.364258 0.494444 0.025391 0.036111
6 0.383008 0.557986 0.020703 0.035417
2 0.345313 0.573958 0.058594 0.043750
4 0.433398 0.549306 0.040234 0.051389
1 0.534570 0.536111 0.041016 0.045833
0 0.474805 0.510069 0.046484 0.028472
5 0.332617 0.523264 0.043359 0.045139
3 0.541797 0.577431 0.060937 0.039583
6 0.565820 0.560069 0.019141 0.022917
6 0.652344 0.597222 0.019531 0.045833
6 0.700781 0.603819 0.038281 0.020139
6 0.526367 0.850694 0.027734 0.081944
6 0.592969 0.977431 0.051562 0.045139
