6 0.573242 0.750347 0.050391 0.097917
6 0.525781 0.570833 0.021094 0.076389
1 0.564063 0.267708 0.038281 0.049306
6 0.591602 0.310069 0.025391 0.028472
3 0.569727 0.314931 0.053516 0.050694
0 0.507422 0.226736 0.039844 0.034028
4 0.462109 0.252778 0.045312 0.043056
6 0.413086 0.251042 0.018359 0.042361
2 0.376172 0.252778 0.055469 0.050000
5 0.366797 0.195139 0.038281 0.047222
6 0.320312 0.144444 0.019531 0.029167
6 0.401953 0.177431 0.020313 0.028472
6 0.673438 0.373958 0.021875 0.043750
6 0.721875 0.399306 0.046094 0.030556
6 0.958203 0.947222 0.036719 0.084722
