2 0.437695 0.481250 0.088672 0.069444
0 0.268359 0.504167 0.103906 0.097222
1 0.474414 0.244097 0.065234 0.043750
4 0.530664 0.284028 0.058984 0.083333
3 0.555664 0.431597 0.080078 0.109028
5 0.610352 0.465278 0.048828 0.044444
6 0.616602 0.798958 0.041797 0.109028
6 0.554297 0.639583 0.040625 0.097222
6 0.683203 0.400694 0.024219 0.051389
6 0.729688 0.419097 0.040625 0.032639
6 0.828516 0.453125 0.030469 0.042361
6 0.905859 0.590278 0.032031 0.072222
6 0.415039 0.352778 0.013672 0.026389
6 0.600781 0.363889 0.021094 0.029167
