0 0.272266 0.509375 0.113281 0.095139
1 0.299023 0.439236 0.080859 0.029861
2 0.444141 0.487153 0.096094 0.072917
4 0.523047 0.694792 0.108594 0.150694
6 0.617578 0.802778 0.047656 0.093056
3 0.680273 0.635069 0.103516 0.106250
5 0.600977 0.469792 0.058984 0.063194
6 0.314453 0.274653 0.021094 0.036806
6 0.416797 0.348958 0.024219 0.036806
6 0.903320 0.585069 0.018359 0.054861
6 0.682813 0.408333 0.020313 0.044444
6 0.734961 0.419097 0.044141 0.045139
6 0.598047 0.363889 0.024219 0.029167
6 0.402539 0.289583 0.035547 0.041667
6 0.555273 0.642708 0.032422 0.090972
