1 0.533008 0.534028 0.037891 0.040278
3 0.541406 0.576389 0.057031 0.038889
4 0.432617 0.548958 0.045703 0.047917
0 0.473633 0.510069 0.041797 0.027083
5 0.332227 0.521875 0.043359 0.046528
2 0.349219 0.574306 0.057813 0.047222
6 0.280469 0.477778 0.021094 0.023611
6 0.365625 0.493750 0.021094 0.022222
6 0.548438 0.506250 0.017188 0.013889
6 0.651563 0.593403 0.014063 0.049306
6 0.701562 0.603125 0.033594 0.025694
6 0.528320 0.853819 0.030078 0.079861
6 0.594336 0.979514 0.047266 0.040972
6 0.383008 0.557292 0.019141 0.036806
