1 0.532422 0.536806 0.039062 0.037500
6 0.565039 0.561806 0.020703 0.023611
6 0.650000 0.595486 0.022656 0.040972
6 0.700781 0.603819 0.039844 0.024306
6 0.877734 0.734722 0.017188 0.052778
2 0.347461 0.576389 0.058984 0.048611
6 0.383594 0.560764 0.017969 0.038194
5 0.331836 0.521528 0.041797 0.044444
6 0.364648 0.494444 0.021484 0.027778
6 0.281641 0.478819 0.020313 0.025694
4 0.432031 0.546528 0.039062 0.045833
0 0.473828 0.512847 0.038281 0.029861
3 0.540625 0.575347 0.054688 0.042361
6 0.526367 0.851389 0.025391 0.069444
6 0.590820 0.973958 0.046484 0.052083
