2 0.440430 0.593403 0.047266 0.027083
4 0.492773 0.610417 0.053516 0.061111
6 0.563867 0.560764 0.021484 0.029861
6 0.651367 0.594792 0.021484 0.040972
6 0.701758 0.605556 0.040234 0.026389
0 0.329688 0.517014 0.047656 0.035417
6 0.381836 0.559028 0.023047 0.034722
5 0.374414 0.623958 0.062891 0.050694
3 0.579492 0.651389 0.050391 0.030556
6 0.526563 0.850000 0.027344 0.080556
6 0.591602 0.978472 0.041016 0.043056
1 0.454883 0.662500 0.089453 0.059722
6 0.277930 0.479514 0.022266 0.035417
6 0.364844 0.500347 0.024219 0.046528
6 0.546680 0.507986 0.019141 0.022917
6 0.877539 0.738542 0.016016 0.053472
