0 0.268750 0.504861 0.107031 0.086111
1 0.306445 0.440972 0.080078 0.038889
2 0.439258 0.480903 0.090234 0.068750
5 0.609375 0.466319 0.069531 0.056250
4 0.516602 0.697222 0.097266 0.140278
3 0.684180 0.633681 0.105859 0.103472
6 0.623633 0.811806 0.051172 0.095833
6 0.683203 0.410069 0.021094 0.047917
6 0.597852 0.365278 0.026953 0.029167
6 0.313672 0.273264 0.022656 0.034028
6 0.414062 0.347569 0.022656 0.039583
6 0.543945 0.394792 0.014453 0.035417
6 0.732617 0.415278 0.043359 0.033333
6 0.905469 0.590625 0.021094 0.063194
6 0.828125 0.453819 0.032813 0.049306
6 0.397461 0.291319 0.026953 0.050694
