0 0.267188 0.510764 0.110156 0.089583
4 0.504102 0.268750 0.065234 0.073611
5 0.470117 0.465625 0.068359 0.065972
2 0.653711 0.483333 0.076172 0.105556
3 0.775391 0.469444 0.045312 0.055556
1 0.897852 0.728472 0.066016 0.101389
6 0.619141 0.806250 0.048438 0.097222
6 0.556445 0.643750 0.033203 0.080556
6 0.682813 0.405903 0.023438 0.052083
6 0.901172 0.581250 0.021094 0.054167
6 0.597266 0.362153 0.021094 0.032639
6 0.417187 0.352083 0.023438 0.033333
6 0.731836 0.423611 0.043359 0.041667
6 0.830273 0.450347 0.035547 0.035417
